2.053572e-02 2.089956e-05 9.999791e-01 1.000000e+00 6.303721e+00 3.162128e+00 -nan -1.044956e-05 4.367826e-10 2.089869e-05 0.000000e+00 1.000000e+00 1.216837e-309 1.216837e-309 -2.313410e-07 0.000000e+00 -2.313410e-07 
2.999986e-02 2.089956e-05 9.999791e-01 1.000000e+00 6.313185e+00 3.171593e+00 -nan -1.044956e-05 4.367826e-10 2.089869e-05 0.000000e+00 1.000000e+00 1.216837e-309 1.216837e-309 -2.185525e-08 0.000000e+00 -2.185525e-08 
3.904357e-02 2.089956e-05 9.999791e-01 1.000000e+00 6.322229e+00 3.180636e+00 -nan -1.044956e-05 4.367826e-10 2.089869e-05 0.000000e+00 1.000000e+00 1.216837e-309 1.216837e-309 2.726039e-08 0.000000e+00 2.726039e-08 
5.619951e-02 2.089956e-05 9.999791e-01 1.000000e+00 6.339385e+00 3.197792e+00 -nan -1.044956e-05 4.367826e-10 2.089869e-05 0.000000e+00 1.000000e+00 1.216837e-309 1.216837e-309 -1.502396e-07 0.000000e+00 -1.502396e-07 
6.443694e-02 2.089956e-05 9.999791e-01 1.000000e+00 6.347622e+00 3.206030e+00 -nan -1.044956e-05 4.367826e-10 2.089869e-05 0.000000e+00 1.000000e+00 1.216837e-309 1.216837e-309 -1.951506e-07 0.000000e+00 -1.951506e-07 
8.045817e-02 2.089956e-05 9.999791e-01 1.000000e+00 6.363643e+00 3.222051e+00 -nan -1.044956e-05 4.367826e-10 2.089869e-05 0.000000e+00 1.000000e+00 1.216837e-309 1.216837e-309 -1.759216e-08 0.000000e+00 -1.759216e-08 
8.827752e-02 2.089956e-05 9.999791e-01 1.000000e+00 6.371463e+00 3.229870e+00 -nan -1.044956e-05 4.367826e-10 2.089869e-05 0.000000e+00 1.000000e+00 1.216837e-309 1.216837e-309 9.781018e-08 0.000000e+00 9.781018e-08 
1.029964e-01 2.089956e-05 9.999791e-01 1.000000e+00 6.386182e+00 3.244589e+00 -nan -1.044956e-05 4.367826e-10 2.089869e-05 0.000000e+00 1.000000e+00 1.216837e-309 1.216837e-309 3.728255e-07 0.000000e+00 3.728255e-07 
1.151511e-01 2.089956e-05 9.999791e-01 1.000000e+00 6.398336e+00 3.256744e+00 -nan -1.044956e-05 4.367826e-10 2.089869e-05 0.000000e+00 1.000000e+00 1.216837e-309 1.216837e-309 2.047063e-07 0.000000e+00 2.047063e-07 
1.302800e-01 2.089956e-05 9.999791e-01 1.000000e+00 6.413465e+00 3.271873e+00 -nan -1.044956e-05 4.367826e-10 2.089869e-05 0.000000e+00 1.000000e+00 1.216837e-309 1.216837e-309 9.161759e-08 0.000000e+00 9.161759e-08 
1.389064e-01 2.089956e-05 9.999791e-01 1.000000e+00 6.422092e+00 3.280499e+00 -nan -1.044956e-05 4.367826e-10 2.089869e-05 0.000000e+00 1.000000e+00 1.216837e-309 1.216837e-309 1.659415e-07 0.000000e+00 1.659415e-07 
1.540410e-01 2.089956e-05 9.999791e-01 1.000000e+00 6.437226e+00 3.295634e+00 -nan -1.044956e-05 4.367826e-10 2.089869e-05 0.000000e+00 1.000000e+00 1.216837e-309 1.216837e-309 -7.804062e-09 0.000000e+00 -7.804062e-09 
1.644448e-01 2.089956e-05 9.999791e-01 1.000000e+00 6.447630e+00 3.306037e+00 -nan -1.044956e-05 4.367826e-10 2.089869e-05 0.000000e+00 1.000000e+00 1.216837e-309 1.216837e-309 -1.923614e-08 0.000000e+00 -1.923614e-08 
1.788359e-01 2.089956e-05 9.999791e-01 1.000000e+00 6.462021e+00 3.320429e+00 -nan -1.044956e-05 4.367826e-10 2.089869e-05 0.000000e+00 1.000000e+00 1.216837e-309 1.216837e-309 1.164368e-07 0.000000e+00 1.164368e-07 
1.919307e-01 2.089956e-05 9.999791e-01 1.000000e+00 6.475116e+00 3.333523e+00 -nan -1.044956e-05 4.367826e-10 2.089869e-05 0.000000e+00 1.000000e+00 1.216837e-309 1.216837e-309 -1.548435e-08 0.000000e+00 -1.548435e-08 
2.027134e-01 2.089956e-05 9.999791e-01 1.000000e+00 6.485899e+00 3.344306e+00 -nan -1.044956e-05 4.367826e-10 2.089869e-05 0.000000e+00 1.000000e+00 1.216837e-309 1.216837e-309 1.087408e-07 0.000000e+00 1.087408e-07 
2.161181e-01 2.089956e-05 9.999791e-01 1.000000e+00 6.499303e+00 3.357711e+00 -nan -1.044956e-05 4.367826e-10 2.089869e-05 0.000000e+00 1.000000e+00 1.216837e-309 1.216837e-309 1.137573e-07 0.000000e+00 1.137573e-07 
2.301893e-01 2.089956e-05 9.999791e-01 1.000000e+00 6.513375e+00 3.371782e+00 -nan -1.044956e-05 4.367826e-10 2.089869e-05 0.000000e+00 1.000000e+00 1.216837e-309 1.216837e-309 -8.878792e-08 0.000000e+00 -8.878792e-08 
2.441676e-01 2.089956e-05 9.999791e-01 1.000000e+00 6.527353e+00 3.385760e+00 -nan -1.044956e-05 4.367826e-10 2.089869e-05 0.000000e+00 1.000000e+00 1.216837e-309 1.216837e-309 -7.417370e-08 0.000000e+00 -7.417370e-08 
2.581246e-01 2.089956e-05 9.999791e-01 1.000000e+00 6.541310e+00 3.399717e+00 -nan -1.044956e-05 4.367826e-10 2.089869e-05 0.000000e+00 1.000000e+00 1.216837e-309 1.216837e-309 1.333370e-07 0.000000e+00 1.333370e-07 
2.650821e-01 2.089956e-05 9.999791e-01 1.000000e+00 6.548267e+00 3.406675e+00 -nan -1.044956e-05 4.367826e-10 2.089869e-05 0.000000e+00 1.000000e+00 1.216837e-309 1.216837e-309 9.216596e-08 0.000000e+00 9.216596e-08 
2.789564e-01 2.089956e-05 9.999791e-01 1.000000e+00 6.562142e+00 3.420549e+00 -nan -1.044956e-05 4.367826e-10 2.089869e-05 0.000000e+00 1.000000e+00 1.216837e-309 1.216837e-309 7.749255e-08 0.000000e+00 7.749255e-08 
2.928118e-01 2.089956e-05 9.999791e-01 1.000000e+00 6.575997e+00 3.434404e+00 -nan -1.044956e-05 4.367826e-10 2.089869e-05 0.000000e+00 1.000000e+00 1.216837e-309 1.216837e-309 -8.582748e-08 0.000000e+00 -8.582748e-08 
3.066293e-01 2.089956e-05 9.999791e-01 1.000000e+00 6.589815e+00 3.448222e+00 -nan -1.044956e-05 4.367826e-10 2.089869e-05 0.000000e+00 1.000000e+00 1.216837e-309 1.216837e-309 -5.162726e-08 0.000000e+00 -5.162726e-08 
3.204278e-01 2.089956e-05 9.999791e-01 1.000000e+00 6.603613e+00 3.462020e+00 -nan -1.044956e-05 4.367826e-10 2.089869e-05 0.000000e+00 1.000000e+00 1.216837e-309 1.216837e-309 -6.985011e-08 0.000000e+00 -6.985011e-08 
3.273201e-01 2.089956e-05 9.999791e-01 1.000000e+00 6.610505e+00 3.468913e+00 -nan -1.044956e-05 4.367826e-10 2.089869e-05 0.000000e+00 1.000000e+00 1.216837e-309 1.216837e-309 -6.723646e-08 0.000000e+00 -6.723646e-08 
3.411000e-01 2.089956e-05 9.999791e-01 1.000000e+00 6.624285e+00 3.482693e+00 -nan -1.044956e-05 4.367826e-10 2.089869e-05 0.000000e+00 1.000000e+00 1.216837e-309 1.216837e-309 -1.039247e-07 0.000000e+00 -1.039247e-07 
3.548660e-01 2.089956e-05 9.999791e-01 1.000000e+00 6.638051e+00 3.496459e+00 -nan -1.044956e-05 4.367826e-10 2.089869e-05 0.000000e+00 1.000000e+00 1.216837e-309 1.216837e-309 7.938635e-08 0.000000e+00 7.938635e-08 
3.686219e-01 2.089956e-05 9.999791e-01 1.000000e+00 6.651807e+00 3.510215e+00 -nan -1.044956e-05 4.367826e-10 2.089869e-05 0.000000e+00 1.000000e+00 1.216837e-309 1.216837e-309 -4.829654e-09 0.000000e+00 -4.829654e-09 
3.823648e-01 2.089956e-05 9.999791e-01 1.000000e+00 6.665550e+00 3.523957e+00 -nan -1.044956e-05 4.367826e-10 2.089869e-05 0.000000e+00 1.000000e+00 1.216837e-309 1.216837e-309 -1.123146e-07 0.000000e+00 -1.123146e-07 
3.961126e-01 2.089956e-05 9.999791e-01 1.000000e+00 6.679298e+00 3.537705e+00 -nan -1.044956e-05 4.367826e-10 2.089869e-05 0.000000e+00 1.000000e+00 1.216837e-309 1.216837e-309 -4.469947e-08 0.000000e+00 -4.469947e-08 
4.029855e-01 2.089956e-05 9.999791e-01 1.000000e+00 6.686171e+00 3.544578e+00 -nan -1.044956e-05 4.367826e-10 2.089869e-05 0.000000e+00 1.000000e+00 1.216837e-309 1.216837e-309 -4.009717e-07 0.000000e+00 -4.009717e-07 
4.167192e-01 2.089956e-05 9.999791e-01 1.000000e+00 6.699905e+00 3.558312e+00 -nan -1.044956e-05 4.367826e-10 2.089869e-05 0.000000e+00 1.000000e+00 1.216837e-309 1.216837e-309 -6.581824e-07 0.000000e+00 -6.581824e-07 
4.304753e-01 2.089956e-05 9.999791e-01 1.000000e+00 6.713661e+00 3.572068e+00 -nan -1.044956e-05 4.367826e-10 2.089869e-05 0.000000e+00 1.000000e+00 1.216837e-309 1.216837e-309 -2.690588e-07 0.000000e+00 -2.690588e-07 
4.442100e-01 2.089956e-05 9.999791e-01 1.000000e+00 6.727395e+00 3.585803e+00 -nan -1.044956e-05 4.367826e-10 2.089869e-05 0.000000e+00 1.000000e+00 1.216837e-309 1.216837e-309 -2.138163e-07 0.000000e+00 -2.138163e-07 
4.579623e-01 2.089956e-05 9.999791e-01 1.000000e+00 6.741148e+00 3.599555e+00 -nan -1.044956e-05 4.367826e-10 2.089869e-05 0.000000e+00 1.000000e+00 1.216837e-309 1.216837e-309 -1.411219e-07 0.000000e+00 -1.411219e-07 
4.716976e-01 2.089956e-05 9.999791e-01 1.000000e+00 6.754883e+00 3.613290e+00 -nan -1.044956e-05 4.367826e-10 2.089869e-05 0.000000e+00 1.000000e+00 1.216837e-309 1.216837e-309 4.021425e-08 0.000000e+00 4.021425e-08 
4.785751e-01 2.089956e-05 9.999791e-01 1.000000e+00 6.761760e+00 3.620168e+00 -nan -1.044956e-05 4.367826e-10 2.089869e-05 0.000000e+00 1.000000e+00 1.216837e-309 1.216837e-309 1.173399e-07 0.000000e+00 1.173399e-07 
4.923259e-01 2.089956e-05 9.999791e-01 1.000000e+00 6.775511e+00 3.633919e+00 -nan -1.044956e-05 4.367826e-10 2.089869e-05 0.000000e+00 1.000000e+00 1.216837e-309 1.216837e-309 -1.295636e-07 0.000000e+00 -1.295636e-07 
5.060848e-01 2.089956e-05 9.999791e-01 1.000000e+00 6.789270e+00 3.647677e+00 -nan -1.044956e-05 4.367826e-10 2.089869e-05 0.000000e+00 1.000000e+00 1.216837e-309 1.216837e-309 -1.177004e-07 0.000000e+00 -1.177004e-07 
5.198568e-01 2.089956e-05 9.999791e-01 1.000000e+00 6.803042e+00 3.661449e+00 -nan -1.044956e-05 4.367826e-10 2.089869e-05 0.000000e+00 1.000000e+00 1.216837e-309 1.216837e-309 -3.671742e-07 0.000000e+00 -3.671742e-07 
5.336401e-01 2.089956e-05 9.999791e-01 1.000000e+00 6.816825e+00 3.675233e+00 -nan -1.044956e-05 4.367826e-10 2.089869e-05 0.000000e+00 1.000000e+00 1.216837e-309 1.216837e-309 -3.028774e-07 0.000000e+00 -3.028774e-07 
5.405305e-01 2.089956e-05 9.999791e-01 1.000000e+00 6.823716e+00 3.682123e+00 -nan -1.044956e-05 4.367826e-10 2.089869e-05 0.000000e+00 1.000000e+00 1.216837e-309 1.216837e-309 -1.698348e-07 0.000000e+00 -1.698348e-07 
5.543328e-01 2.089956e-05 9.999791e-01 1.000000e+00 6.837518e+00 3.695925e+00 -nan -1.044956e-05 4.367826e-10 2.089869e-05 0.000000e+00 1.000000e+00 1.216837e-309 1.216837e-309 -2.513513e-08 0.000000e+00 -2.513513e-08 
5.681295e-01 2.089956e-05 9.999791e-01 1.000000e+00 6.851315e+00 3.709722e+00 -nan -1.044956e-05 4.367826e-10 2.089869e-05 0.000000e+00 1.000000e+00 1.216837e-309 1.216837e-309 2.990665e-07 0.000000e+00 2.990665e-07 
5.819464e-01 2.089956e-05 9.999791e-01 1.000000e+00 6.865132e+00 3.723539e+00 -nan -1.044956e-05 4.367826e-10 2.089869e-05 0.000000e+00 1.000000e+00 1.216837e-309 1.216837e-309 -2.023351e-08 0.000000e+00 -2.023351e-08 
5.957630e-01 2.089956e-05 9.999791e-01 1.000000e+00 6.878948e+00 3.737356e+00 -nan -1.044956e-05 4.367826e-10 2.089869e-05 0.000000e+00 1.000000e+00 1.216837e-309 1.216837e-309 -4.099623e-07 0.000000e+00 -4.099623e-07 
6.096009e-01 2.089956e-05 9.999791e-01 1.000000e+00 6.892786e+00 3.751194e+00 -nan -1.044956e-05 4.367826e-10 2.089869e-05 0.000000e+00 1.000000e+00 1.216837e-309 1.216837e-309 -1.402688e-07 0.000000e+00 -1.402688e-07 
6.165163e-01 2.089956e-05 9.999791e-01 1.000000e+00 6.899702e+00 3.758109e+00 -nan -1.044956e-05 4.367826e-10 2.089869e-05 0.000000e+00 1.000000e+00 1.216837e-309 1.216837e-309 -1.122766e-07 0.000000e+00 -1.122766e-07 
6.303635e-01 2.089956e-05 9.999791e-01 1.000000e+00 6.913549e+00 3.771956e+00 -nan -1.044956e-05 4.367826e-10 2.089869e-05 0.000000e+00 1.000000e+00 1.216837e-309 1.216837e-309 -2.473452e-09 0.000000e+00 -2.473452e-09 
6.442182e-01 2.089956e-05 9.999791e-01 1.000000e+00 6.927404e+00 3.785811e+00 -nan -1.044956e-05 4.367826e-10 2.089869e-05 0.000000e+00 1.000000e+00 1.216837e-309 1.216837e-309 -1.031907e-07 0.000000e+00 -1.031907e-07 
6.580834e-01 2.089956e-05 9.999791e-01 1.000000e+00 6.941269e+00 3.799676e+00 -nan -1.044956e-05 4.367826e-10 2.089869e-05 0.000000e+00 1.000000e+00 1.216837e-309 1.216837e-309 1.055598e-07 0.000000e+00 1.055598e-07 
6.719570e-01 2.089956e-05 9.999791e-01 1.000000e+00 6.955142e+00 3.813550e+00 -nan -1.044956e-05 4.367826e-10 2.089869e-05 0.000000e+00 1.000000e+00 1.216837e-309 1.216837e-309 3.066694e-08 0.000000e+00 3.066694e-08 
6.788983e-01 2.089956e-05 9.999791e-01 1.000000e+00 6.962084e+00 3.820491e+00 -nan -1.044956e-05 4.367826e-10 2.089869e-05 0.000000e+00 1.000000e+00 1.216837e-309 1.216837e-309 2.914114e-07 0.000000e+00 2.914114e-07 
6.927909e-01 2.089956e-05 9.999791e-01 1.000000e+00 6.975976e+00 3.834384e+00 -nan -1.044956e-05 4.367826e-10 2.089869e-05 0.000000e+00 1.000000e+00 1.216837e-309 1.216837e-309 5.485818e-07 0.000000e+00 5.485818e-07 
7.066920e-01 2.089956e-05 9.999791e-01 1.000000e+00 6.989877e+00 3.848285e+00 -nan -1.044956e-05 4.367826e-10 2.089869e-05 0.000000e+00 1.000000e+00 1.216837e-309 1.216837e-309 3.175913e-07 0.000000e+00 3.175913e-07 
7.206135e-01 2.089956e-05 9.999791e-01 1.000000e+00 7.003799e+00 3.862206e+00 -nan -1.044956e-05 4.367826e-10 2.089869e-05 0.000000e+00 1.000000e+00 1.216837e-309 1.216837e-309 2.124210e-07 0.000000e+00 2.124210e-07 
7.345338e-01 2.089956e-05 9.999791e-01 1.000000e+00 7.017719e+00 3.876126e+00 -nan -1.044956e-05 4.367826e-10 2.089869e-05 0.000000e+00 1.000000e+00 1.216837e-309 1.216837e-309 1.487309e-07 0.000000e+00 1.487309e-07 
7.415032e-01 2.089956e-05 9.999791e-01 1.000000e+00 7.024689e+00 3.883096e+00 -nan -1.044956e-05 4.367826e-10 2.089869e-05 0.000000e+00 1.000000e+00 1.216837e-309 1.216837e-309 6.340984e-08 0.000000e+00 6.340984e-08 
7.554414e-01 2.089956e-05 9.999791e-01 1.000000e+00 7.038627e+00 3.897034e+00 -nan -1.044956e-05 4.367826e-10 2.089869e-05 0.000000e+00 1.000000e+00 1.216837e-309 1.216837e-309 -3.091537e-08 0.000000e+00 -3.091537e-08 
7.693929e-01 2.089956e-05 9.999791e-01 1.000000e+00 7.052578e+00 3.910986e+00 -nan -1.044956e-05 4.367826e-10 2.089869e-05 0.000000e+00 1.000000e+00 1.216837e-309 1.216837e-309 -1.879625e-07 0.000000e+00 -1.879625e-07 
7.833513e-01 2.089956e-05 9.999791e-01 1.000000e+00 7.066537e+00 3.924944e+00 -nan -1.044956e-05 4.367826e-10 2.089869e-05 0.000000e+00 1.000000e+00 1.216837e-309 1.216837e-309 -3.276701e-07 0.000000e+00 -3.276701e-07 
7.973231e-01 2.089956e-05 9.999791e-01 1.000000e+00 7.080508e+00 3.938916e+00 -nan -1.044956e-05 4.367826e-10 2.089869e-05 0.000000e+00 1.000000e+00 1.216837e-309 1.216837e-309 5.927688e-08 0.000000e+00 5.927688e-08 
8.043143e-01 2.089956e-05 9.999791e-01 1.000000e+00 7.087500e+00 3.945907e+00 -nan -1.044956e-05 4.367826e-10 2.089869e-05 0.000000e+00 1.000000e+00 1.216837e-309 1.216837e-309 4.499721e-07 0.000000e+00 4.499721e-07 
8.183038e-01 2.089956e-05 9.999791e-01 1.000000e+00 7.101489e+00 3.959896e+00 -nan -1.044956e-05 4.367826e-10 2.089869e-05 0.000000e+00 1.000000e+00 1.216837e-309 1.216837e-309 -1.192857e-07 0.000000e+00 -1.192857e-07 
8.323048e-01 2.089956e-05 9.999791e-01 1.000000e+00 7.115490e+00 3.973897e+00 -nan -1.044956e-05 4.367826e-10 2.089869e-05 0.000000e+00 1.000000e+00 1.216837e-309 1.216837e-309 -3.667338e-07 0.000000e+00 -3.667338e-07 
8.463025e-01 2.089956e-05 9.999791e-01 1.000000e+00 7.129488e+00 3.987895e+00 -nan -1.044956e-05 4.367826e-10 2.089869e-05 0.000000e+00 1.000000e+00 1.216837e-309 1.216837e-309 -1.382667e-07 0.000000e+00 -1.382667e-07 
8.603207e-01 2.089956e-05 9.999791e-01 1.000000e+00 7.143506e+00 4.001913e+00 -nan -1.044956e-05 4.367826e-10 2.089869e-05 0.000000e+00 1.000000e+00 1.216837e-309 1.216837e-309 3.124800e-08 0.000000e+00 3.124800e-08 
8.673279e-01 2.089956e-05 9.999791e-01 1.000000e+00 7.150513e+00 4.008921e+00 -nan -1.044956e-05 4.367826e-10 2.089869e-05 0.000000e+00 1.000000e+00 1.216837e-309 1.216837e-309 4.522384e-07 0.000000e+00 4.522384e-07 
8.813625e-01 2.089956e-05 9.999791e-01 1.000000e+00 7.164548e+00 4.022955e+00 -nan -1.044956e-05 4.367826e-10 2.089869e-05 0.000000e+00 1.000000e+00 1.216837e-309 1.216837e-309 3.190400e-07 0.000000e+00 3.190400e-07 
8.954012e-01 2.089956e-05 9.999791e-01 1.000000e+00 7.178587e+00 4.036994e+00 -nan -1.044956e-05 4.367826e-10 2.089869e-05 0.000000e+00 1.000000e+00 1.216837e-309 1.216837e-309 2.025021e-07 0.000000e+00 2.025021e-07 
9.094596e-01 2.089956e-05 9.999791e-01 1.000000e+00 7.192645e+00 4.051052e+00 -nan -1.044956e-05 4.367826e-10 2.089869e-05 0.000000e+00 1.000000e+00 1.216837e-309 1.216837e-309 -4.471460e-08 0.000000e+00 -4.471460e-08 
9.235275e-01 2.089956e-05 9.999791e-01 1.000000e+00 7.206713e+00 4.065120e+00 -nan -1.044956e-05 4.367826e-10 2.089869e-05 0.000000e+00 1.000000e+00 1.216837e-309 1.216837e-309 3.379157e-07 0.000000e+00 3.379157e-07 
9.305657e-01 2.089956e-05 9.999791e-01 1.000000e+00 7.213751e+00 4.072158e+00 -nan -1.044956e-05 4.367826e-10 2.089869e-05 0.000000e+00 1.000000e+00 1.216837e-309 1.216837e-309 5.368200e-07 0.000000e+00 5.368200e-07 
9.446619e-01 2.089956e-05 9.999791e-01 1.000000e+00 7.227847e+00 4.086255e+00 -nan -1.044956e-05 4.367826e-10 2.089869e-05 0.000000e+00 1.000000e+00 1.216837e-309 1.216837e-309 1.084912e-07 0.000000e+00 1.084912e-07 
9.587590e-01 2.089956e-05 9.999791e-01 1.000000e+00 7.241944e+00 4.100352e+00 -nan -1.044956e-05 4.367826e-10 2.089869e-05 0.000000e+00 1.000000e+00 1.216837e-309 1.216837e-309 -1.837458e-07 0.000000e+00 -1.837458e-07 
9.728787e-01 2.089956e-05 9.999791e-01 1.000000e+00 7.256064e+00 4.114471e+00 -nan -1.044956e-05 4.367826e-10 2.089869e-05 0.000000e+00 1.000000e+00 1.216837e-309 1.216837e-309 -2.083180e-07 0.000000e+00 -2.083180e-07 
9.870045e-01 2.089956e-05 9.999791e-01 1.000000e+00 7.270190e+00 4.128597e+00 -nan -1.044956e-05 4.367826e-10 2.089869e-05 0.000000e+00 1.000000e+00 1.216837e-309 1.216837e-309 -1.075110e-07 0.000000e+00 -1.075110e-07 
9.940685e-01 2.089956e-05 9.999791e-01 1.000000e+00 7.277254e+00 4.135661e+00 -nan -1.044956e-05 4.367826e-10 2.089869e-05 0.000000e+00 1.000000e+00 1.216837e-309 1.216837e-309 -1.820849e-07 0.000000e+00 -1.820849e-07 
1.008210e+00 2.089956e-05 9.999791e-01 1.000000e+00 7.291395e+00 4.149802e+00 -nan -1.044956e-05 4.367826e-10 2.089869e-05 0.000000e+00 1.000000e+00 1.216837e-309 1.216837e-309 2.008586e-07 0.000000e+00 2.008586e-07 
1.022360e+00 2.089956e-05 9.999791e-01 1.000000e+00 7.305545e+00 4.163952e+00 -nan -1.044956e-05 4.367826e-10 2.089869e-05 0.000000e+00 1.000000e+00 1.216837e-309 1.216837e-309 -8.313997e-08 0.000000e+00 -8.313997e-08 
1.036527e+00 2.089956e-05 9.999791e-01 1.000000e+00 7.319713e+00 4.178120e+00 -nan -1.044956e-05 4.367826e-10 2.089869e-05 0.000000e+00 1.000000e+00 1.216837e-309 1.216837e-309 -1.025596e-07 0.000000e+00 -1.025596e-07 
1.043612e+00 2.089956e-05 9.999791e-01 1.000000e+00 7.326797e+00 4.185204e+00 -nan -1.044956e-05 4.367826e-10 2.089869e-05 0.000000e+00 1.000000e+00 1.216837e-309 1.216837e-309 1.641757e-07 0.000000e+00 1.641757e-07 
1.057754e+00 2.089956e-05 9.999791e-01 1.000000e+00 7.340939e+00 4.199347e+00 -nan -1.044956e-05 4.367826e-10 2.089869e-05 0.000000e+00 1.000000e+00 1.216837e-309 1.216837e-309 1.351217e-08 0.000000e+00 1.351217e-08 
1.071485e+00 2.089956e-05 9.999791e-01 1.000000e+00 7.354670e+00 4.213078e+00 -nan -1.044956e-05 4.367826e-10 2.089869e-05 0.000000e+00 1.000000e+00 1.216837e-309 1.216837e-309 -1.679239e-08 0.000000e+00 -1.679239e-08 
1.084776e+00 2.089956e-05 9.999791e-01 1.000000e+00 7.367961e+00 4.226368e+00 -nan -1.044956e-05 4.367826e-10 2.089869e-05 0.000000e+00 1.000000e+00 1.216837e-309 1.216837e-309 1.791566e-07 0.000000e+00 1.791566e-07 
1.097546e+00 2.089956e-05 9.999791e-01 1.000000e+00 7.380732e+00 4.239139e+00 -nan -1.044956e-05 4.367826e-10 2.089869e-05 0.000000e+00 1.000000e+00 1.216837e-309 1.216837e-309 2.560923e-07 0.000000e+00 2.560923e-07 
1.109832e+00 2.089956e-05 9.999791e-01 1.000000e+00 7.393017e+00 4.251425e+00 -nan -1.044956e-05 4.367826e-10 2.089869e-05 0.000000e+00 1.000000e+00 1.216837e-309 1.216837e-309 7.713908e-08 0.000000e+00 7.713908e-08 
1.121813e+00 2.089956e-05 9.999791e-01 1.000000e+00 7.404998e+00 4.263406e+00 -nan -1.044956e-05 4.367826e-10 2.089869e-05 0.000000e+00 1.000000e+00 1.216837e-309 1.216837e-309 2.917562e-07 0.000000e+00 2.917562e-07 
1.133511e+00 2.089956e-05 9.999791e-01 1.000000e+00 7.416696e+00 4.275103e+00 -nan -1.044956e-05 4.367826e-10 2.089869e-05 0.000000e+00 1.000000e+00 1.216837e-309 1.216837e-309 -2.639528e-07 0.000000e+00 -2.639528e-07 
1.145189e+00 2.089956e-05 9.999791e-01 1.000000e+00 7.428374e+00 4.286782e+00 -nan -1.044956e-05 4.367826e-10 2.089869e-05 0.000000e+00 1.000000e+00 1.216837e-309 1.216837e-309 -3.709465e-07 0.000000e+00 -3.709465e-07 
1.157105e+00 2.089956e-05 9.999791e-01 1.000000e+00 7.440291e+00 4.298698e+00 -nan -1.044956e-05 4.367826e-10 2.089869e-05 0.000000e+00 1.000000e+00 1.216837e-309 1.216837e-309 -2.738249e-07 0.000000e+00 -2.738249e-07 
1.169266e+00 2.089956e-05 9.999791e-01 1.000000e+00 7.452452e+00 4.310859e+00 -nan -1.044956e-05 4.367826e-10 2.089869e-05 0.000000e+00 1.000000e+00 1.216837e-309 1.216837e-309 7.241412e-08 0.000000e+00 7.241412e-08 
1.186726e+00 2.089956e-05 9.999791e-01 1.000000e+00 7.469911e+00 4.328318e+00 -nan -1.044956e-05 4.367826e-10 2.089869e-05 0.000000e+00 1.000000e+00 1.216837e-309 1.216837e-309 6.159303e-08 0.000000e+00 6.159303e-08 
1.198075e+00 2.089956e-05 9.999791e-01 1.000000e+00 7.481260e+00 4.339667e+00 -nan -1.044956e-05 4.367826e-10 2.089869e-05 0.000000e+00 1.000000e+00 1.216837e-309 1.216837e-309 -2.380102e-07 0.000000e+00 -2.380102e-07 
1.209468e+00 2.089956e-05 9.999791e-01 1.000000e+00 7.492654e+00 4.351061e+00 -nan -1.044956e-05 4.367826e-10 2.089869e-05 0.000000e+00 1.000000e+00 1.216837e-309 1.216837e-309 -3.290403e-07 0.000000e+00 -3.290403e-07 
1.221248e+00 2.089956e-05 9.999791e-01 1.000000e+00 7.504434e+00 4.362841e+00 -nan -1.044956e-05 4.367826e-10 2.089869e-05 0.000000e+00 1.000000e+00 1.216837e-309 1.216837e-309 -3.753582e-07 0.000000e+00 -3.753582e-07 
1.233483e+00 2.089956e-05 9.999791e-01 1.000000e+00 7.516668e+00 4.375076e+00 -nan -1.044956e-05 4.367826e-10 2.089869e-05 0.000000e+00 1.000000e+00 1.216837e-309 1.216837e-309 5.485825e-08 0.000000e+00 5.485825e-08 
1.246016e+00 2.089956e-05 9.999791e-01 1.000000e+00 7.529201e+00 4.387609e+00 -nan -1.044956e-05 4.367826e-10 2.089869e-05 0.000000e+00 1.000000e+00 1.216837e-309 1.216837e-309 -1.164752e-07 0.000000e+00 -1.164752e-07 
1.258598e+00 2.089956e-05 9.999791e-01 1.000000e+00 7.541783e+00 4.400191e+00 -nan -1.044956e-05 4.367826e-10 2.089869e-05 0.000000e+00 1.000000e+00 1.216837e-309 1.216837e-309 -2.161176e-07 0.000000e+00 -2.161176e-07 
1.271080e+00 2.089956e-05 9.999791e-01 1.000000e+00 7.554265e+00 4.412672e+00 -nan -1.044956e-05 4.367826e-10 2.089869e-05 0.000000e+00 1.000000e+00 1.216837e-309 1.216837e-309 -1.078880e-07 0.000000e+00 -1.078880e-07 
1.283522e+00 2.089956e-05 9.999791e-01 1.000000e+00 7.566707e+00 4.425115e+00 -nan -1.044956e-05 4.367826e-10 2.089869e-05 0.000000e+00 1.000000e+00 1.216837e-309 1.216837e-309 -3.682129e-07 0.000000e+00 -3.682129e-07 
1.296044e+00 2.089956e-05 9.999791e-01 1.000000e+00 7.579229e+00 4.437636e+00 -nan -1.044956e-05 4.367826e-10 2.089869e-05 0.000000e+00 1.000000e+00 1.216837e-309 1.216837e-309 -2.043001e-07 0.000000e+00 -2.043001e-07 
1.307930e+00 2.089956e-05 9.999791e-01 1.000000e+00 7.591115e+00 4.449522e+00 -nan -1.044956e-05 4.367826e-10 2.089869e-05 0.000000e+00 1.000000e+00 1.216837e-309 1.216837e-309 -1.135217e-07 0.000000e+00 -1.135217e-07 
1.319621e+00 2.089956e-05 9.999791e-01 1.000000e+00 7.602807e+00 4.461214e+00 -nan -1.044956e-05 4.367826e-10 2.089869e-05 0.000000e+00 1.000000e+00 1.216837e-309 1.216837e-309 -3.039224e-07 0.000000e+00 -3.039224e-07 
1.336889e+00 2.089956e-05 9.999791e-01 1.000000e+00 7.620075e+00 4.478482e+00 -nan -1.044956e-05 4.367826e-10 2.089869e-05 0.000000e+00 1.000000e+00 1.216837e-309 1.216837e-309 -3.442359e-07 0.000000e+00 -3.442359e-07 
1.348196e+00 2.089956e-05 9.999791e-01 1.000000e+00 7.631382e+00 4.489789e+00 -nan -1.044956e-05 4.367826e-10 2.089869e-05 0.000000e+00 1.000000e+00 1.216837e-309 1.216837e-309 -1.239915e-07 0.000000e+00 -1.239915e-07 
1.358994e+00 2.089956e-05 9.999791e-01 1.000000e+00 7.642180e+00 4.500587e+00 -nan -1.044956e-05 4.367826e-10 2.089869e-05 0.000000e+00 1.000000e+00 1.216837e-309 1.216837e-309 -1.133577e-07 0.000000e+00 -1.133577e-07 
1.370217e+00 2.089956e-05 9.999791e-01 1.000000e+00 7.653403e+00 4.511810e+00 -nan -1.044956e-05 4.367826e-10 2.089869e-05 0.000000e+00 1.000000e+00 1.216837e-309 1.216837e-309 -3.741829e-07 0.000000e+00 -3.741829e-07 
1.386450e+00 2.089956e-05 9.999791e-01 1.000000e+00 7.669635e+00 4.528042e+00 -nan -1.044956e-05 4.367826e-10 2.089869e-05 0.000000e+00 1.000000e+00 1.216837e-309 1.216837e-309 -2.056474e-07 0.000000e+00 -2.056474e-07 
1.397598e+00 2.089956e-05 9.999791e-01 1.000000e+00 7.680784e+00 4.539191e+00 -nan -1.044956e-05 4.367826e-10 2.089869e-05 0.000000e+00 1.000000e+00 1.216837e-309 1.216837e-309 -3.291696e-07 0.000000e+00 -3.291696e-07 
1.408266e+00 2.089956e-05 9.999791e-01 1.000000e+00 7.691451e+00 4.549858e+00 -nan -1.044956e-05 4.367826e-10 2.089869e-05 0.000000e+00 1.000000e+00 1.216837e-309 1.216837e-309 -1.962860e-07 0.000000e+00 -1.962860e-07 
1.424588e+00 2.089956e-05 9.999791e-01 1.000000e+00 7.707774e+00 4.566181e+00 -nan -1.044956e-05 4.367826e-10 2.089869e-05 0.000000e+00 1.000000e+00 1.216837e-309 1.216837e-309 2.973298e-07 0.000000e+00 2.973298e-07 
1.435052e+00 2.089956e-05 9.999791e-01 1.000000e+00 7.718237e+00 4.576644e+00 -nan -1.044956e-05 4.367826e-10 2.089869e-05 0.000000e+00 1.000000e+00 1.216837e-309 1.216837e-309 -8.911022e-08 0.000000e+00 -8.911022e-08 
1.445703e+00 2.089956e-05 9.999791e-01 1.000000e+00 7.728889e+00 4.587296e+00 -nan -1.044956e-05 4.367826e-10 2.089869e-05 0.000000e+00 1.000000e+00 1.216837e-309 1.216837e-309 6.046772e-08 0.000000e+00 6.046772e-08 
1.461346e+00 2.089956e-05 9.999791e-01 1.000000e+00 7.744531e+00 4.602938e+00 -nan -1.044956e-05 4.367826e-10 2.089869e-05 0.000000e+00 1.000000e+00 1.216837e-309 1.216837e-309 -2.967285e-07 0.000000e+00 -2.967285e-07 
1.471329e+00 2.089956e-05 9.999791e-01 1.000000e+00 7.754514e+00 4.612921e+00 -nan -1.044956e-05 4.367826e-10 2.089869e-05 0.000000e+00 1.000000e+00 1.216837e-309 1.216837e-309 -6.277947e-07 0.000000e+00 -6.277947e-07 
1.486592e+00 2.089956e-05 9.999791e-01 1.000000e+00 7.769777e+00 4.628184e+00 -nan -1.044956e-05 4.367826e-10 2.089869e-05 0.000000e+00 1.000000e+00 1.216837e-309 1.216837e-309 -1.031230e-07 0.000000e+00 -1.031230e-07 
1.496522e+00 2.089956e-05 9.999791e-01 1.000000e+00 7.779707e+00 4.638114e+00 -nan -1.044956e-05 4.367826e-10 2.089869e-05 0.000000e+00 1.000000e+00 1.216837e-309 1.216837e-309 -2.504834e-07 0.000000e+00 -2.504834e-07 
1.511587e+00 2.089956e-05 9.999791e-01 1.000000e+00 7.794772e+00 4.653179e+00 -nan -1.044956e-05 4.367826e-10 2.089869e-05 0.000000e+00 1.000000e+00 1.216837e-309 1.216837e-309 -7.702259e-08 0.000000e+00 -7.702259e-08 
1.521688e+00 2.089956e-05 9.999791e-01 1.000000e+00 7.804873e+00 4.663280e+00 -nan -1.044956e-05 4.367826e-10 2.089869e-05 0.000000e+00 1.000000e+00 1.216837e-309 1.216837e-309 -1.149710e-07 0.000000e+00 -1.149710e-07 
1.537125e+00 2.089956e-05 9.999791e-01 1.000000e+00 7.820310e+00 4.678718e+00 -nan -1.044956e-05 4.367826e-10 2.089869e-05 0.000000e+00 1.000000e+00 1.216837e-309 1.216837e-309 -6.288226e-07 0.000000e+00 -6.288226e-07 
1.547382e+00 2.089956e-05 9.999791e-01 1.000000e+00 7.830567e+00 4.688975e+00 -nan -1.044956e-05 4.367826e-10 2.089869e-05 0.000000e+00 1.000000e+00 1.216837e-309 1.216837e-309 -1.913934e-07 0.000000e+00 -1.913934e-07 
1.563231e+00 2.089956e-05 9.999791e-01 1.000000e+00 7.846416e+00 4.704823e+00 -nan -1.044956e-05 4.367826e-10 2.089869e-05 0.000000e+00 1.000000e+00 1.216837e-309 1.216837e-309 -8.293453e-08 0.000000e+00 -8.293453e-08 
1.573897e+00 2.089956e-05 9.999791e-01 1.000000e+00 7.857082e+00 4.715490e+00 -nan -1.044956e-05 4.367826e-10 2.089869e-05 0.000000e+00 1.000000e+00 1.216837e-309 1.216837e-309 -8.955227e-08 0.000000e+00 -8.955227e-08 
1.584810e+00 2.089956e-05 9.999791e-01 1.000000e+00 7.867995e+00 4.726402e+00 -nan -1.044956e-05 4.367826e-10 2.089869e-05 0.000000e+00 1.000000e+00 1.216837e-309 1.216837e-309 -9.100585e-08 0.000000e+00 -9.100585e-08 
1.601278e+00 2.089956e-05 9.999791e-01 1.000000e+00 7.884463e+00 4.742870e+00 -nan -1.044956e-05 4.367826e-10 2.089869e-05 0.000000e+00 1.000000e+00 1.216837e-309 1.216837e-309 -1.491972e-07 0.000000e+00 -1.491972e-07 
1.612317e+00 2.089956e-05 9.999791e-01 1.000000e+00 7.895502e+00 4.753910e+00 -nan -1.044956e-05 4.367826e-10 2.089869e-05 0.000000e+00 1.000000e+00 1.216837e-309 1.216837e-309 -5.184659e-07 0.000000e+00 -5.184659e-07 
1.623512e+00 2.089956e-05 9.999791e-01 1.000000e+00 7.906698e+00 4.765105e+00 -nan -1.044956e-05 4.367826e-10 2.089869e-05 0.000000e+00 1.000000e+00 1.216837e-309 1.216837e-309 -7.118943e-07 0.000000e+00 -7.118943e-07 
1.634749e+00 2.089956e-05 9.999791e-01 1.000000e+00 7.917934e+00 4.776342e+00 -nan -1.044956e-05 4.367826e-10 2.089869e-05 0.000000e+00 1.000000e+00 1.216837e-309 1.216837e-309 -6.450670e-07 0.000000e+00 -6.450670e-07 
1.651597e+00 2.089956e-05 9.999791e-01 1.000000e+00 7.934782e+00 4.793189e+00 -nan -1.044956e-05 4.367826e-10 2.089869e-05 0.000000e+00 1.000000e+00 1.216837e-309 1.216837e-309 1.521474e-07 0.000000e+00 1.521474e-07 
1.662792e+00 2.089956e-05 9.999791e-01 1.000000e+00 7.945978e+00 4.804385e+00 -nan -1.044956e-05 4.367826e-10 2.089869e-05 0.000000e+00 1.000000e+00 1.216837e-309 1.216837e-309 1.983613e-07 0.000000e+00 1.983613e-07 
1.674262e+00 2.089956e-05 9.999791e-01 1.000000e+00 7.957447e+00 4.815854e+00 -nan -1.044956e-05 4.367826e-10 2.089869e-05 0.000000e+00 1.000000e+00 1.216837e-309 1.216837e-309 -1.192645e-07 0.000000e+00 -1.192645e-07 
1.685820e+00 2.089956e-05 9.999791e-01 1.000000e+00 7.969006e+00 4.827413e+00 -nan -1.044956e-05 4.367826e-10 2.089869e-05 0.000000e+00 1.000000e+00 1.216837e-309 1.216837e-309 -1.811200e-07 0.000000e+00 -1.811200e-07 
1.696910e+00 2.089956e-05 9.999791e-01 1.000000e+00 7.980095e+00 4.838503e+00 -nan -1.044956e-05 4.367826e-10 2.089869e-05 0.000000e+00 1.000000e+00 1.216837e-309 1.216837e-309 1.924287e-07 0.000000e+00 1.924287e-07 
1.714039e+00 2.089956e-05 9.999791e-01 1.000000e+00 7.997224e+00 4.855631e+00 -nan -1.044956e-05 4.367826e-10 2.089869e-05 0.000000e+00 1.000000e+00 1.216837e-309 1.216837e-309 1.747953e-09 0.000000e+00 1.747953e-09 
1.725139e+00 2.089956e-05 9.999791e-01 1.000000e+00 8.008324e+00 4.866731e+00 -nan -1.044956e-05 4.367826e-10 2.089869e-05 0.000000e+00 1.000000e+00 1.216837e-309 1.216837e-309 -3.242175e-07 0.000000e+00 -3.242175e-07 
1.736714e+00 2.089956e-05 9.999791e-01 1.000000e+00 8.019900e+00 4.878307e+00 -nan -1.044956e-05 4.367826e-10 2.089869e-05 0.000000e+00 1.000000e+00 1.216837e-309 1.216837e-309 -5.592063e-07 0.000000e+00 -5.592063e-07 
1.748119e+00 2.089956e-05 9.999791e-01 1.000000e+00 8.031304e+00 4.889712e+00 -nan -1.044956e-05 4.367826e-10 2.089869e-05 0.000000e+00 1.000000e+00 1.216837e-309 1.216837e-309 -5.132223e-07 0.000000e+00 -5.132223e-07 
1.760025e+00 2.089956e-05 9.999791e-01 1.000000e+00 8.043210e+00 4.901617e+00 -nan -1.044956e-05 4.367826e-10 2.089869e-05 0.000000e+00 1.000000e+00 1.216837e-309 1.216837e-309 -4.809921e-07 0.000000e+00 -4.809921e-07 
1.777090e+00 2.089956e-05 9.999791e-01 1.000000e+00 8.060275e+00 4.918683e+00 -nan -1.044956e-05 4.367826e-10 2.089869e-05 0.000000e+00 1.000000e+00 1.216837e-309 1.216837e-309 -3.066167e-07 0.000000e+00 -3.066167e-07 
1.787993e+00 2.089956e-05 9.999791e-01 1.000000e+00 8.071179e+00 4.929586e+00 -nan -1.044956e-05 4.367826e-10 2.089869e-05 0.000000e+00 1.000000e+00 1.216837e-309 1.216837e-309 -1.388106e-07 0.000000e+00 -1.388106e-07 
1.798333e+00 2.089956e-05 9.999791e-01 1.000000e+00 8.081518e+00 4.939926e+00 -nan -1.044956e-05 4.367826e-10 2.089869e-05 0.000000e+00 1.000000e+00 1.216837e-309 1.216837e-309 -4.235684e-07 0.000000e+00 -4.235684e-07 
1.814140e+00 2.089956e-05 9.999791e-01 1.000000e+00 8.097326e+00 4.955733e+00 -nan -1.044956e-05 4.367826e-10 2.089869e-05 0.000000e+00 1.000000e+00 1.216837e-309 1.216837e-309 -4.271458e-07 0.000000e+00 -4.271458e-07 
1.824508e+00 2.089956e-05 9.999791e-01 1.000000e+00 8.107694e+00 4.966101e+00 -nan -1.044956e-05 4.367826e-10 2.089869e-05 0.000000e+00 1.000000e+00 1.216837e-309 1.216837e-309 -8.758518e-08 0.000000e+00 -8.758518e-08 
1.835678e+00 2.089956e-05 9.999791e-01 1.000000e+00 8.118864e+00 4.977271e+00 -nan -1.044956e-05 4.367826e-10 2.089869e-05 0.000000e+00 1.000000e+00 1.216837e-309 1.216837e-309 -8.467031e-08 0.000000e+00 -8.467031e-08 
1.852743e+00 2.089956e-05 9.999791e-01 1.000000e+00 8.135929e+00 4.994336e+00 -nan -1.044956e-05 4.367826e-10 2.089869e-05 0.000000e+00 1.000000e+00 1.216837e-309 1.216837e-309 -4.159775e-07 0.000000e+00 -4.159775e-07 
1.864901e+00 2.089956e-05 9.999791e-01 1.000000e+00 8.148086e+00 5.006494e+00 -nan -1.044956e-05 4.367826e-10 2.089869e-05 0.000000e+00 1.000000e+00 1.216837e-309 1.216837e-309 -5.072983e-07 0.000000e+00 -5.072983e-07 
1.877057e+00 2.089956e-05 9.999791e-01 1.000000e+00 8.160243e+00 5.018650e+00 -nan -1.044956e-05 4.367826e-10 2.089869e-05 0.000000e+00 1.000000e+00 1.216837e-309 1.216837e-309 -8.429201e-07 0.000000e+00 -8.429201e-07 
1.889371e+00 2.089956e-05 9.999791e-01 1.000000e+00 8.172557e+00 5.030964e+00 -nan -1.044956e-05 4.367826e-10 2.089869e-05 0.000000e+00 1.000000e+00 1.216837e-309 1.216837e-309 -3.912636e-07 0.000000e+00 -3.912636e-07 
1.901720e+00 2.089956e-05 9.999791e-01 1.000000e+00 8.184905e+00 5.043312e+00 -nan -1.044956e-05 4.367826e-10 2.089869e-05 0.000000e+00 1.000000e+00 1.216837e-309 1.216837e-309 -1.517408e-07 0.000000e+00 -1.517408e-07 
1.914083e+00 2.089956e-05 9.999791e-01 1.000000e+00 8.197268e+00 5.055675e+00 -nan -1.044956e-05 4.367826e-10 2.089869e-05 0.000000e+00 1.000000e+00 1.216837e-309 1.216837e-309 -3.249872e-08 0.000000e+00 -3.249872e-08 
1.926448e+00 2.089956e-05 9.999791e-01 1.000000e+00 8.209633e+00 5.068041e+00 -nan -1.044956e-05 4.367826e-10 2.089869e-05 0.000000e+00 1.000000e+00 1.216837e-309 1.216837e-309 -1.006032e-07 0.000000e+00 -1.006032e-07 
1.938821e+00 2.089956e-05 9.999791e-01 1.000000e+00 8.222006e+00 5.080413e+00 -nan -1.044956e-05 4.367826e-10 2.089869e-05 0.000000e+00 1.000000e+00 1.216837e-309 1.216837e-309 7.333067e-08 0.000000e+00 7.333067e-08 
1.951180e+00 2.089956e-05 9.999791e-01 1.000000e+00 8.234365e+00 5.092772e+00 -nan -1.044956e-05 4.367826e-10 2.089869e-05 0.000000e+00 1.000000e+00 1.216837e-309 1.216837e-309 -1.000893e-07 0.000000e+00 -1.000893e-07 
1.963568e+00 2.089956e-05 9.999791e-01 1.000000e+00 8.246753e+00 5.105160e+00 -nan -1.044956e-05 4.367826e-10 2.089869e-05 0.000000e+00 1.000000e+00 1.216837e-309 1.216837e-309 1.481398e-08 0.000000e+00 1.481398e-08 
1.975774e+00 2.089956e-05 9.999791e-01 1.000000e+00 8.258960e+00 5.117367e+00 -nan -1.044956e-05 4.367826e-10 2.089869e-05 0.000000e+00 1.000000e+00 1.216837e-309 1.216837e-309 -3.514589e-07 0.000000e+00 -3.514589e-07 
1.988021e+00 2.089956e-05 9.999791e-01 1.000000e+00 8.271206e+00 5.129613e+00 -nan -1.044956e-05 4.367826e-10 2.089869e-05 0.000000e+00 1.000000e+00 1.216837e-309 1.216837e-309 -5.302831e-07 0.000000e+00 -5.302831e-07 
2.000068e+00 2.089956e-05 9.999791e-01 1.000000e+00 8.283254e+00 5.141661e+00 -nan -1.044956e-05 4.367826e-10 2.089869e-05 0.000000e+00 1.000000e+00 1.216837e-309 1.216837e-309 -3.984557e-07 0.000000e+00 -3.984557e-07 
2.012112e+00 2.089956e-05 9.999791e-01 1.000000e+00 8.295297e+00 5.153705e+00 -nan -1.044956e-05 4.367826e-10 2.089869e-05 0.000000e+00 1.000000e+00 1.216837e-309 1.216837e-309 -4.631266e-07 0.000000e+00 -4.631266e-07 
2.024201e+00 2.089956e-05 9.999791e-01 1.000000e+00 8.307386e+00 5.165794e+00 -nan -1.044956e-05 4.367826e-10 2.089869e-05 0.000000e+00 1.000000e+00 1.216837e-309 1.216837e-309 -3.950762e-07 0.000000e+00 -3.950762e-07 
2.036327e+00 2.089956e-05 9.999791e-01 1.000000e+00 8.319513e+00 5.177920e+00 -nan -1.044956e-05 4.367826e-10 2.089869e-05 0.000000e+00 1.000000e+00 1.216837e-309 1.216837e-309 -5.129711e-07 0.000000e+00 -5.129711e-07 
2.054286e+00 2.089956e-05 9.999791e-01 1.000000e+00 8.337471e+00 5.195879e+00 -nan -1.044956e-05 4.367826e-10 2.089869e-05 0.000000e+00 1.000000e+00 1.216837e-309 1.216837e-309 -5.687661e-07 0.000000e+00 -5.687661e-07 
2.066207e+00 2.089956e-05 9.999791e-01 1.000000e+00 8.349393e+00 5.207800e+00 -nan -1.044956e-05 4.367826e-10 2.089869e-05 0.000000e+00 1.000000e+00 1.216837e-309 1.216837e-309 -1.986513e-07 0.000000e+00 -1.986513e-07 
2.078245e+00 2.089956e-05 9.999791e-01 1.000000e+00 8.361430e+00 5.219837e+00 -nan -1.044956e-05 4.367826e-10 2.089869e-05 0.000000e+00 1.000000e+00 1.216837e-309 1.216837e-309 -1.372411e-07 0.000000e+00 -1.372411e-07 
2.090409e+00 2.089956e-05 9.999791e-01 1.000000e+00 8.373594e+00 5.232002e+00 -nan -1.044956e-05 4.367826e-10 2.089869e-05 0.000000e+00 1.000000e+00 1.216837e-309 1.216837e-309 -9.365313e-07 0.000000e+00 -9.365313e-07 
2.102615e+00 2.089956e-05 9.999791e-01 1.000000e+00 8.385801e+00 5.244208e+00 -nan -1.044956e-05 4.367826e-10 2.089869e-05 0.000000e+00 1.000000e+00 1.216837e-309 1.216837e-309 -7.266450e-07 0.000000e+00 -7.266450e-07 
2.114928e+00 2.089956e-05 9.999791e-01 1.000000e+00 8.398114e+00 5.256521e+00 -nan -1.044956e-05 4.367826e-10 2.089869e-05 0.000000e+00 1.000000e+00 1.216837e-309 1.216837e-309 -1.586513e-07 0.000000e+00 -1.586513e-07 
2.127236e+00 2.089956e-05 9.999791e-01 1.000000e+00 8.410421e+00 5.268828e+00 -nan -1.044956e-05 4.367826e-10 2.089869e-05 0.000000e+00 1.000000e+00 1.216837e-309 1.216837e-309 -3.168792e-07 0.000000e+00 -3.168792e-07 
2.139374e+00 2.089956e-05 9.999791e-01 1.000000e+00 8.422560e+00 5.280967e+00 -nan -1.044956e-05 4.367826e-10 2.089869e-05 0.000000e+00 1.000000e+00 1.216837e-309 1.216837e-309 -1.959495e-07 0.000000e+00 -1.959495e-07 
2.151302e+00 2.089956e-05 9.999791e-01 1.000000e+00 8.434488e+00 5.292895e+00 -nan -1.044956e-05 4.367826e-10 2.089869e-05 0.000000e+00 1.000000e+00 1.216837e-309 1.216837e-309 -6.007632e-07 0.000000e+00 -6.007632e-07 
2.162994e+00 2.089956e-05 9.999791e-01 1.000000e+00 8.446179e+00 5.304586e+00 -nan -1.044956e-05 4.367826e-10 2.089869e-05 0.000000e+00 1.000000e+00 1.216837e-309 1.216837e-309 -7.662118e-07 0.000000e+00 -7.662118e-07 
2.174542e+00 2.089956e-05 9.999791e-01 1.000000e+00 8.457728e+00 5.316135e+00 -nan -1.044956e-05 4.367826e-10 2.089869e-05 0.000000e+00 1.000000e+00 1.216837e-309 1.216837e-309 -1.762875e-07 0.000000e+00 -1.762875e-07 
2.191670e+00 2.089956e-05 9.999791e-01 1.000000e+00 8.474855e+00 5.333262e+00 -nan -1.044956e-05 4.367826e-10 2.089869e-05 0.000000e+00 1.000000e+00 1.216837e-309 1.216837e-309 -1.799475e-07 0.000000e+00 -1.799475e-07 
2.203119e+00 2.089956e-05 9.999791e-01 1.000000e+00 8.486305e+00 5.344712e+00 -nan -1.044956e-05 4.367826e-10 2.089869e-05 0.000000e+00 1.000000e+00 1.216837e-309 1.216837e-309 -8.004700e-08 0.000000e+00 -8.004700e-08 
2.214500e+00 2.089956e-05 9.999791e-01 1.000000e+00 8.497685e+00 5.356093e+00 -nan -1.044956e-05 4.367826e-10 2.089869e-05 0.000000e+00 1.000000e+00 1.216837e-309 1.216837e-309 -3.928925e-07 0.000000e+00 -3.928925e-07 
2.225942e+00 2.089956e-05 9.999791e-01 1.000000e+00 8.509127e+00 5.367535e+00 -nan -1.044956e-05 4.367826e-10 2.089869e-05 0.000000e+00 1.000000e+00 1.216837e-309 1.216837e-309 -3.209806e-07 0.000000e+00 -3.209806e-07 
2.237360e+00 2.089956e-05 9.999791e-01 1.000000e+00 8.520545e+00 5.378953e+00 -nan -1.044956e-05 4.367826e-10 2.089869e-05 0.000000e+00 1.000000e+00 1.216837e-309 1.216837e-309 -1.295012e-07 0.000000e+00 -1.295012e-07 
2.254479e+00 2.089956e-05 9.999791e-01 1.000000e+00 8.537665e+00 5.396072e+00 -nan -1.044956e-05 4.367826e-10 2.089869e-05 0.000000e+00 1.000000e+00 1.216837e-309 1.216837e-309 6.232806e-08 0.000000e+00 6.232806e-08 
2.265921e+00 2.089956e-05 9.999791e-01 1.000000e+00 8.549106e+00 5.407514e+00 -nan -1.044956e-05 4.367826e-10 2.089869e-05 0.000000e+00 1.000000e+00 1.216837e-309 1.216837e-309 -1.343732e-08 0.000000e+00 -1.343732e-08 
2.277269e+00 2.089956e-05 9.999791e-01 1.000000e+00 8.560454e+00 5.418861e+00 -nan -1.044956e-05 4.367826e-10 2.089869e-05 0.000000e+00 1.000000e+00 1.216837e-309 1.216837e-309 -2.540517e-07 0.000000e+00 -2.540517e-07 
2.288603e+00 2.089956e-05 9.999791e-01 1.000000e+00 8.571788e+00 5.430195e+00 -nan -1.044956e-05 4.367826e-10 2.089869e-05 0.000000e+00 1.000000e+00 1.216837e-309 1.216837e-309 -5.353102e-07 0.000000e+00 -5.353102e-07 
2.299933e+00 2.089956e-05 9.999791e-01 1.000000e+00 8.583119e+00 5.441526e+00 -nan -1.044956e-05 4.367826e-10 2.089869e-05 0.000000e+00 1.000000e+00 1.216837e-309 1.216837e-309 3.907558e-08 0.000000e+00 3.907558e-08 
2.316917e+00 2.089956e-05 9.999791e-01 1.000000e+00 8.600103e+00 5.458510e+00 -nan -1.044956e-05 4.367826e-10 2.089869e-05 0.000000e+00 1.000000e+00 1.216837e-309 1.216837e-309 -5.733745e-08 0.000000e+00 -5.733745e-08 
2.328179e+00 2.089956e-05 9.999791e-01 1.000000e+00 8.611364e+00 5.469772e+00 -nan -1.044956e-05 4.367826e-10 2.089869e-05 0.000000e+00 1.000000e+00 1.216837e-309 1.216837e-309 -5.902459e-08 0.000000e+00 -5.902459e-08 
2.339435e+00 2.089956e-05 9.999791e-01 1.000000e+00 8.622621e+00 5.481028e+00 -nan -1.044956e-05 4.367826e-10 2.089869e-05 0.000000e+00 1.000000e+00 1.216837e-309 1.216837e-309 1.804986e-07 0.000000e+00 1.804986e-07 
2.350721e+00 2.089956e-05 9.999791e-01 1.000000e+00 8.633907e+00 5.492314e+00 -nan -1.044956e-05 4.367826e-10 2.089869e-05 0.000000e+00 1.000000e+00 1.216837e-309 1.216837e-309 -1.291514e-07 0.000000e+00 -1.291514e-07 
2.367712e+00 2.089956e-05 9.999791e-01 1.000000e+00 8.650897e+00 5.509304e+00 -nan -1.044956e-05 4.367826e-10 2.089869e-05 0.000000e+00 1.000000e+00 1.216837e-309 1.216837e-309 -1.005676e-07 0.000000e+00 -1.005676e-07 
2.379225e+00 2.089956e-05 9.999791e-01 1.000000e+00 8.662411e+00 5.520818e+00 -nan -1.044956e-05 4.367826e-10 2.089869e-05 0.000000e+00 1.000000e+00 1.216837e-309 1.216837e-309 -1.055829e-07 0.000000e+00 -1.055829e-07 
2.390882e+00 2.089956e-05 9.999791e-01 1.000000e+00 8.674067e+00 5.532474e+00 -nan -1.044956e-05 4.367826e-10 2.089869e-05 0.000000e+00 1.000000e+00 1.216837e-309 1.216837e-309 -6.285169e-07 0.000000e+00 -6.285169e-07 
2.402687e+00 2.089956e-05 9.999791e-01 1.000000e+00 8.685873e+00 5.544280e+00 -nan -1.044956e-05 4.367826e-10 2.089869e-05 0.000000e+00 1.000000e+00 1.216837e-309 1.216837e-309 -6.371260e-07 0.000000e+00 -6.371260e-07 
2.414696e+00 2.089956e-05 9.999791e-01 1.000000e+00 8.697881e+00 5.556289e+00 -nan -1.044956e-05 4.367826e-10 2.089869e-05 0.000000e+00 1.000000e+00 1.216837e-309 1.216837e-309 -2.063945e-07 0.000000e+00 -2.063945e-07 
2.427077e+00 2.089956e-05 9.999791e-01 1.000000e+00 8.710262e+00 5.568669e+00 -nan -1.044956e-05 4.367826e-10 2.089869e-05 0.000000e+00 1.000000e+00 1.216837e-309 1.216837e-309 -1.055240e-07 0.000000e+00 -1.055240e-07 
2.439415e+00 2.089956e-05 9.999791e-01 1.000000e+00 8.722600e+00 5.581008e+00 -nan -1.044956e-05 4.367826e-10 2.089869e-05 0.000000e+00 1.000000e+00 1.216837e-309 1.216837e-309 2.253902e-07 0.000000e+00 2.253902e-07 
2.451644e+00 2.089956e-05 9.999791e-01 1.000000e+00 8.734829e+00 5.593237e+00 -nan -1.044956e-05 4.367826e-10 2.089869e-05 0.000000e+00 1.000000e+00 1.216837e-309 1.216837e-309 1.818544e-07 0.000000e+00 1.818544e-07 
2.463708e+00 2.089956e-05 9.999791e-01 1.000000e+00 8.746894e+00 5.605301e+00 -nan -1.044956e-05 4.367826e-10 2.089869e-05 0.000000e+00 1.000000e+00 1.216837e-309 1.216837e-309 2.433345e-07 0.000000e+00 2.433345e-07 
2.475988e+00 2.089956e-05 9.999791e-01 1.000000e+00 8.759173e+00 5.617581e+00 -nan -1.044956e-05 4.367826e-10 2.089869e-05 0.000000e+00 1.000000e+00 1.216837e-309 1.216837e-309 2.605576e-08 0.000000e+00 2.605576e-08 
2.493879e+00 2.089956e-05 9.999791e-01 1.000000e+00 8.777064e+00 5.635472e+00 -nan -1.044956e-05 4.367826e-10 2.089869e-05 0.000000e+00 1.000000e+00 1.216837e-309 1.216837e-309 -2.522728e-07 0.000000e+00 -2.522728e-07 
2.505937e+00 2.089956e-05 9.999791e-01 1.000000e+00 8.789122e+00 5.647529e+00 -nan -1.044956e-05 4.367826e-10 2.089869e-05 0.000000e+00 1.000000e+00 1.216837e-309 1.216837e-309 -1.301787e-07 0.000000e+00 -1.301787e-07 
2.518074e+00 2.089956e-05 9.999791e-01 1.000000e+00 8.801259e+00 5.659667e+00 -nan -1.044956e-05 4.367826e-10 2.089869e-05 0.000000e+00 1.000000e+00 1.216837e-309 1.216837e-309 -1.241273e-07 0.000000e+00 -1.241273e-07 
2.530043e+00 2.089956e-05 9.999791e-01 1.000000e+00 8.813228e+00 5.671635e+00 -nan -1.044956e-05 4.367826e-10 2.089869e-05 0.000000e+00 1.000000e+00 1.216837e-309 1.216837e-309 -1.939291e-07 0.000000e+00 -1.939291e-07 
2.541945e+00 2.089956e-05 9.999791e-01 1.000000e+00 8.825130e+00 5.683537e+00 -nan -1.044956e-05 4.367826e-10 2.089869e-05 0.000000e+00 1.000000e+00 1.216837e-309 1.216837e-309 3.724005e-08 0.000000e+00 3.724005e-08 
2.553907e+00 2.089956e-05 9.999791e-01 1.000000e+00 8.837092e+00 5.695499e+00 -nan -1.044956e-05 4.367826e-10 2.089869e-05 0.000000e+00 1.000000e+00 1.216837e-309 1.216837e-309 3.434862e-07 0.000000e+00 3.434862e-07 
2.565898e+00 2.089956e-05 9.999791e-01 1.000000e+00 8.849083e+00 5.707491e+00 -nan -1.044956e-05 4.367826e-10 2.089869e-05 0.000000e+00 1.000000e+00 1.216837e-309 1.216837e-309 -1.613523e-07 0.000000e+00 -1.613523e-07 
2.577659e+00 2.089956e-05 9.999791e-01 1.000000e+00 8.860844e+00 5.719251e+00 -nan -1.044956e-05 4.367826e-10 2.089869e-05 0.000000e+00 1.000000e+00 1.216837e-309 1.216837e-309 -5.263015e-07 0.000000e+00 -5.263015e-07 
2.589299e+00 2.089956e-05 9.999791e-01 1.000000e+00 8.872485e+00 5.730892e+00 -nan -1.044956e-05 4.367826e-10 2.089869e-05 0.000000e+00 1.000000e+00 1.216837e-309 1.216837e-309 -4.999497e-07 0.000000e+00 -4.999497e-07 
2.606881e+00 2.089956e-05 9.999791e-01 1.000000e+00 8.890066e+00 5.748474e+00 -nan -1.044956e-05 4.367826e-10 2.089869e-05 0.000000e+00 1.000000e+00 1.216837e-309 1.216837e-309 -4.011291e-07 0.000000e+00 -4.011291e-07 
2.618417e+00 2.089956e-05 9.999791e-01 1.000000e+00 8.901602e+00 5.760009e+00 -nan -1.044956e-05 4.367826e-10 2.089869e-05 0.000000e+00 1.000000e+00 1.216837e-309 1.216837e-309 -3.084951e-07 0.000000e+00 -3.084951e-07 
2.629975e+00 2.089956e-05 9.999791e-01 1.000000e+00 8.913160e+00 5.771567e+00 -nan -1.044956e-05 4.367826e-10 2.089869e-05 0.000000e+00 1.000000e+00 1.216837e-309 1.216837e-309 -2.447386e-07 0.000000e+00 -2.447386e-07 
2.641589e+00 2.089956e-05 9.999791e-01 1.000000e+00 8.924774e+00 5.783181e+00 -nan -1.044956e-05 4.367826e-10 2.089869e-05 0.000000e+00 1.000000e+00 1.216837e-309 1.216837e-309 -2.777632e-07 0.000000e+00 -2.777632e-07 
2.653246e+00 2.089956e-05 9.999791e-01 1.000000e+00 8.936431e+00 5.794839e+00 -nan -1.044956e-05 4.367826e-10 2.089869e-05 0.000000e+00 1.000000e+00 1.216837e-309 1.216837e-309 -6.498270e-07 0.000000e+00 -6.498270e-07 
2.664779e+00 2.089956e-05 9.999791e-01 1.000000e+00 8.947965e+00 5.806372e+00 -nan -1.044956e-05 4.367826e-10 2.089869e-05 0.000000e+00 1.000000e+00 1.216837e-309 1.216837e-309 -2.259067e-07 0.000000e+00 -2.259067e-07 
2.682067e+00 2.089956e-05 9.999791e-01 1.000000e+00 8.965252e+00 5.823659e+00 -nan -1.044956e-05 4.367826e-10 2.089869e-05 0.000000e+00 1.000000e+00 1.216837e-309 1.216837e-309 -1.600527e-07 0.000000e+00 -1.600527e-07 
2.693561e+00 2.089956e-05 9.999791e-01 1.000000e+00 8.976746e+00 5.835153e+00 -nan -1.044956e-05 4.367826e-10 2.089869e-05 0.000000e+00 1.000000e+00 1.216837e-309 1.216837e-309 -1.829458e-07 0.000000e+00 -1.829458e-07 
2.704828e+00 2.089956e-05 9.999791e-01 1.000000e+00 8.988014e+00 5.846421e+00 -nan -1.044956e-05 4.367826e-10 2.089869e-05 0.000000e+00 1.000000e+00 1.216837e-309 1.216837e-309 -1.975932e-07 0.000000e+00 -1.975932e-07 
2.716155e+00 2.089956e-05 9.999791e-01 1.000000e+00 8.999340e+00 5.857747e+00 -nan -1.044956e-05 4.367826e-10 2.089869e-05 0.000000e+00 1.000000e+00 1.216837e-309 1.216837e-309 2.503372e-07 0.000000e+00 2.503372e-07 
2.727625e+00 2.089956e-05 9.999791e-01 1.000000e+00 9.010810e+00 5.869218e+00 -nan -1.044956e-05 4.367826e-10 2.089869e-05 0.000000e+00 1.000000e+00 1.216837e-309 1.216837e-309 3.745346e-07 0.000000e+00 3.745346e-07 
2.745166e+00 2.089956e-05 9.999791e-01 1.000000e+00 9.028351e+00 5.886758e+00 -nan -1.044956e-05 4.367826e-10 2.089869e-05 0.000000e+00 1.000000e+00 1.216837e-309 1.216837e-309 1.189649e-07 0.000000e+00 1.189649e-07 
2.757071e+00 2.089956e-05 9.999791e-01 1.000000e+00 9.040257e+00 5.898664e+00 -nan -1.044956e-05 4.367826e-10 2.089869e-05 0.000000e+00 1.000000e+00 1.216837e-309 1.216837e-309 -2.998692e-07 0.000000e+00 -2.998692e-07 
2.768927e+00 2.089956e-05 9.999791e-01 1.000000e+00 9.052112e+00 5.910520e+00 -nan -1.044956e-05 4.367826e-10 2.089869e-05 0.000000e+00 1.000000e+00 1.216837e-309 1.216837e-309 -2.560242e-07 0.000000e+00 -2.560242e-07 
2.780526e+00 2.089956e-05 9.999791e-01 1.000000e+00 9.063712e+00 5.922119e+00 -nan -1.044956e-05 4.367826e-10 2.089869e-05 0.000000e+00 1.000000e+00 1.216837e-309 1.216837e-309 -5.434120e-07 0.000000e+00 -5.434120e-07 
